0 0.866211 0.301020 0.089844 0.427114
0 0.771973 0.339650 0.120117 0.344023
0 0.706543 0.290816 0.102539 0.427114
0 0.069824 0.311953 0.094727 0.393586
0 0.031738 0.311224 0.063477 0.380466
0 0.683105 0.607872 0.387695 0.784257
0 0.937012 0.730321 0.125977 0.539359
0 0.493652 0.593294 0.124023 0.813411
0 0.430664 0.564869 0.117188 0.870262
0 0.370605 0.525510 0.165039 0.846939
0 0.272461 0.421283 0.177734 0.717201
0 0.184082 0.399417 0.186523 0.626822
0 0.969238 0.268222 0.061523 0.399417
0 0.950195 0.266035 0.068359 0.432945
0 0.766113 0.168367 0.053711 0.123907
0 0.658203 0.271866 0.085938 0.263848
0 0.555664 0.232507 0.091797 0.240525
0 0.607910 0.153790 0.055664 0.135569
0 0.513184 0.133382 0.038086 0.103499
0 0.379883 0.134840 0.056641 0.138484
0 0.244141 0.287901 0.054688 0.430029
0 0.138672 0.165452 0.062500 0.167638
