0 0.119915 0.737968 0.239831 0.521390
0 0.720762 0.692514 0.366949 0.612299
0 0.163086 0.613251 0.267578 0.440678
0 0.363281 0.560863 0.281250 0.338983
0 0.413574 0.351310 0.038086 0.043143
0 0.475586 0.366718 0.050781 0.073960
0 0.624512 0.357473 0.032227 0.073960
0 0.640137 0.417565 0.077148 0.157165
0 0.708008 0.367488 0.046875 0.097072
0 0.517090 0.508475 0.165039 0.237288
0 0.862305 0.485362 0.250000 0.631741
44 0.255859 0.791988 0.035156 0.027735
41 0.362305 0.740370 0.042969 0.109399
44 0.318848 0.900616 0.030273 0.035439
42 0.378418 0.928351 0.057617 0.090909
44 0.353027 0.948382 0.038086 0.053929
41 0.413086 0.814330 0.044922 0.118644
44 0.535645 0.819723 0.041992 0.129430
41 0.422852 0.691063 0.037109 0.093991
45 0.531250 0.691834 0.126953 0.086287
44 0.635742 0.717257 0.017578 0.063174
41 0.608398 0.663328 0.027344 0.081664
41 0.560059 0.603236 0.024414 0.066256
41 0.595703 0.564715 0.025391 0.060092
41 0.636719 0.524653 0.019531 0.044684
45 0.681152 0.507704 0.040039 0.044684
56 0.521484 0.388290 0.009766 0.033898
56 0.536621 0.407550 0.024414 0.041602
56 0.612793 0.409861 0.030273 0.040062
56 0.677734 0.424499 0.023438 0.066256
41 0.710938 0.404468 0.009766 0.020031
56 0.923828 0.880586 0.064453 0.238829
56 0.959473 0.774268 0.055664 0.198767
56 0.426758 0.548536 0.046875 0.151002
60 0.442383 0.726502 0.603516 0.546995
