0 0.221680 0.319661 0.134766 0.118490
0 0.492188 0.430990 0.275391 0.309896
0 0.759766 0.618490 0.267578 0.593750
0 0.793457 0.451823 0.215820 0.419271
56 0.808105 0.721354 0.235352 0.278646
66 0.698242 0.678385 0.142578 0.091146
39 0.652832 0.679036 0.032227 0.128906
66 0.843750 0.891927 0.042969 0.054688
66 0.377441 0.544922 0.079102 0.071615
56 0.647949 0.491536 0.049805 0.076823
57 0.536133 0.434896 0.337891 0.255208
56 0.309570 0.276693 0.076172 0.160156
37 0.562988 0.158854 0.049805 0.317708
66 0.147461 0.411458 0.062500 0.026042
