41 0.300293 0.435578 0.092773 0.259151
41 0.426758 0.234261 0.083984 0.228404
41 0.433594 0.098829 0.082031 0.083455
41 0.541016 0.166179 0.080078 0.226940
41 0.634277 0.175695 0.081055 0.202050
41 0.661621 0.201318 0.084961 0.142020
41 0.687012 0.379209 0.090820 0.245974
41 0.781250 0.251830 0.087891 0.190337
41 0.757812 0.431918 0.091797 0.254758
60 0.500000 0.547584 1.000000 0.904832
56 0.328125 0.874085 0.554688 0.251830
56 0.063477 0.723280 0.126953 0.553441
56 0.354980 0.375549 0.303711 0.680820
56 0.903809 0.574671 0.192383 0.850659
