0 0.417480 0.878477 0.084961 0.243045
0 0.492188 0.708638 0.050781 0.146413
0 0.660645 0.733529 0.018555 0.120059
0 0.473633 0.814788 0.015625 0.062958
0 0.524414 0.794290 0.017578 0.065886
0 0.692383 0.721816 0.021484 0.102489
0 0.678711 0.727672 0.017578 0.105417
24 0.793945 0.753294 0.052734 0.057101
24 0.843262 0.734993 0.045898 0.040996
33 0.826660 0.724012 0.346680 0.200586
0 0.561035 0.576135 0.002930 0.004392
33 0.562012 0.551245 0.022461 0.016105
33 0.516602 0.644217 0.019531 0.020498
0 0.515625 0.670571 0.005859 0.005857
33 0.486816 0.232064 0.239258 0.393851
