0 0.012812 0.260833 0.025625 0.063333
0 0.187812 0.154167 0.021875 0.046667
0 0.204688 0.153750 0.011875 0.022500
0 0.229063 0.136667 0.006875 0.015000
0 0.239375 0.123750 0.013750 0.014166
0 0.297363 0.164714 0.022461 0.027344
0 0.376563 0.202500 0.018125 0.041666
0 0.410000 0.347500 0.081250 0.210000
0 0.444688 0.320834 0.048125 0.101667
0 0.567500 0.341667 0.045000 0.140000
0 0.594375 0.304584 0.037500 0.065833
0 0.603437 0.250833 0.016875 0.041667
0 0.647500 0.260416 0.011250 0.025833
0 0.659687 0.255834 0.013125 0.038333
0 0.714687 0.352917 0.050625 0.169167
0 0.769062 0.372916 0.021875 0.055833
0 0.765625 0.338334 0.007500 0.016667
0 0.775937 0.350833 0.010625 0.048333
0 0.782500 0.283333 0.010000 0.013333
0 0.850313 0.350000 0.106875 0.253334
0 0.945000 0.476250 0.081250 0.200834
0 0.944375 0.493334 0.026250 0.066667
41 0.442383 0.774089 0.101562 0.173177
41 0.639160 0.653646 0.069336 0.117188
41 0.188965 0.644531 0.073242 0.122396
0 0.058594 0.261068 0.117188 0.196615
0 0.136719 0.271484 0.060547 0.131510
0 0.322266 0.288411 0.039062 0.095052
40 0.358398 0.321615 0.009766 0.031250
40 0.384766 0.322917 0.011719 0.028646
56 0.396973 0.437500 0.051758 0.135417
56 0.439453 0.427734 0.025391 0.118490
56 0.525879 0.422526 0.022461 0.110677
56 0.546875 0.403646 0.013672 0.091146
56 0.557129 0.414714 0.024414 0.100260
0 0.634766 0.317057 0.050781 0.100260
0 0.658203 0.346354 0.031250 0.143229
56 0.627930 0.411458 0.033203 0.091146
24 0.645020 0.431641 0.040039 0.053385
56 0.637695 0.675781 0.164062 0.205729
56 0.764160 0.555339 0.045898 0.095052
56 0.815430 0.466146 0.058594 0.026042
56 0.895508 0.457682 0.033203 0.035156
60 0.894043 0.408203 0.047852 0.014323
41 0.900879 0.395182 0.016602 0.019531
60 0.872559 0.479818 0.166992 0.126302
60 0.776367 0.629557 0.283203 0.339844
39 0.857910 0.432292 0.030273 0.098958
67 0.793945 0.506510 0.042969 0.054688
67 0.228027 0.652344 0.014648 0.023438
56 0.146484 0.909505 0.292969 0.180990
60 0.360352 0.807292 0.703125 0.385417
25 0.832031 0.326172 0.148438 0.095052
25 0.065918 0.191406 0.131836 0.075521
25 0.335449 0.218099 0.436523 0.167969
60 0.346680 0.436198 0.693359 0.200521
0 0.673828 0.265625 0.011719 0.026042
0 0.685059 0.266276 0.012695 0.027344
0 0.712891 0.268880 0.013672 0.027344
0 0.728516 0.271484 0.013672 0.027344
0 0.759277 0.348307 0.008789 0.024740
0 0.790039 0.283854 0.009766 0.013021
0 0.759277 0.368490 0.014648 0.036458
26 0.039062 0.313151 0.076172 0.048177
0 0.791504 0.535807 0.416992 0.928385
0 0.187988 0.591797 0.375977 0.816406
